1274 052 007 100 078 034
1134 090 036 090 077 030
3114 100 045 020 090 070
4552 011 017 081 032 077
5628 020 012 045 078 034
6104 034 080 055 078 045
7804 060 100 056 078 078
8056 070 010 066 078 056
9873 034 009 077 078 020
1997 045 040 088 078 055
2077 055 050 099 078 080
3089 022 070 100 078 077
4600 089 050 091 078 060
5345 011 011 010 078 010
9999 010 098 089 078 020 
2184 090 036 090 077 030
3129 100 045 020 090 070
2532 011 017 081 032 077
5178 020 012 045 078 034
6134 034 080 055 078 045
7874 060 100 056 078 078
8026 070 010 066 078 056
9883 034 009 077 078 020
6984 020 012 045 078 034
6136 034 080 055 078 045
7875 060 100 056 078 078
8027 070 010 066 078 056
9895 034 009 077 078 020
1547 045 040 088 078 055
2887 055 050 099 078 080
3180 022 070 100 078 077
4622 089 050 091 078 060
5415 011 011 012 078 010
6979 005 098 089 078 020 
2134 090 036 090 077 030
3124 100 045 020 090 070
4531 011 017 081 032 077
5679 020 012 045 078 034
6136 034 080 055 078 045
7875 060 100 056 078 078
8027 070 010 066 078 056
9895 034 009 077 078 020
1547 045 040 088 078 055
3124 100 045 020 090 070
4531 011 017 081 032 077